#define VIRTUAL_OCCUPANCY_LENGTH 672
float data[VIRTUAL_OCCUPANCY_LENGTH] = {
	1.402269, 0.804466, 2.585491, 0.100093, 0.839589, 2.908008, 2.051816, 0.350179, 0.533557, 0.714530,
	0.307535, 0.391354, 0.334887, 0.303108, 1.029767, 0.532011, 0.249025, 0.261164, 3.029177, 0.084539,
	0.236455, 0.422716, 0.650908, 0.350201, 1.948847, 0.079934, 0.536157, 0.648679, 0.176830, 2.177779,
	1.576300, 1.858593, 0.860816, 0.822293, 0.959401, 0.558294, 0.699160, 1.261551, 0.540786, 1.814016,
	1.327043, 0.751895, 0.612511, 1.079866, 0.815489, 0.176947, 0.439998, 0.910483, 2.787335, 0.389266,
	0.035479, 0.316500, 0.345066, 0.983545, 0.438271, 1.028853, 0.317408, 1.155529, 0.550855, 0.002855,
	0.244475, 1.314723, 0.347593, 1.725428, 0.043819, 2.024333, 0.622394, 1.288386, 0.409334, 0.310508,
	0.690052, 1.360963, 0.729247, 0.297127, 0.250032, 1.460013, 1.956754, 0.173247, 0.062139, 0.727572,
	0.401125, 0.383024, 0.270378, 0.061445, 0.156870, 1.384499, 0.405605, 0.942377, 0.899950, 1.625803,
	1.693344, 1.142428, 1.196251, 0.251169, 0.116884, 0.760252, 0.938247, 0.450599, 2.377412, 0.435944,
	0.287721, 2.617335, 0.317628, 0.400323, 0.269541, 0.096393, 1.442379, 2.295666, 2.106630, 0.428893,
	0.194551, 0.243750, 2.499533, 0.960645, 0.615507, 1.636447, 0.057081, 0.744900, 0.156245, 0.460789,
	0.617035, 2.365225, 0.011354, 1.030640, 0.654769, 1.341884, 0.287400, 0.166728, 0.112716, 0.090967,
	1.290088, 0.876803, 0.296165, 0.271867, 0.300536, 0.075449, 0.225794, 1.203252, 0.433060, 0.174340,
	0.245533, 0.630515, 1.755775, 0.564377, 0.207790, 0.178870, 0.754686, 0.100648, 0.756239, 0.181169,
	1.944518, 0.219159, 1.877292, 0.360649, 0.594353, 1.200441, 1.323916, 0.046003, 0.233346, 0.723061,
	0.967983, 0.494936, 0.368728, 0.619406, 0.181032, 0.825430, 0.371696, 0.678399, 0.888909, 0.535213,
	0.291786, 1.164492, 0.365328, 1.220254, 0.802185, 0.797263, 0.289719, 0.993963, 0.040399, 0.796464,
	0.229768, 0.544660, 1.196622, 0.093187, 0.195216, 0.219454, 0.652862, 0.233954, 0.111444, 0.715113,
	1.614914, 0.163880, 1.077198, 0.863919, 0.459797, 1.009265, 1.420726, 1.182127, 1.137239, 3.158528,
	1.373602, 0.222782, 0.540314, 0.095136, 1.143603, 0.505073, 0.143064, 1.531218, 0.623494, 1.099562,
	0.550139, 0.877629, 0.790519, 0.473490, 1.200783, 0.288342, 0.287032, 0.132472, 0.559019, 0.370962,
	0.526012, 1.548478, 1.348025, 0.116973, 0.652082, 0.520933, 0.864575, 1.177789, 0.082604, 1.069961,
	0.983512, 0.463124, 1.822212, 0.592105, 0.887043, 0.658963, 1.803063, 1.226467, 1.287416, 1.979699,
	1.019146, 0.302320, 0.981051, 0.677018, 0.843836, 1.204587, 0.528266, 0.847371, 0.820659, 0.517359,
	0.007566, 0.436415, 0.939160, 1.013464, 0.680585, 0.583619, 0.130848, 1.039458, 1.188595, 0.317017,
	0.219462, 0.150897, 0.828117, 0.484104, 0.922641, 0.381945, 0.458182, 0.113528, 0.200189, 2.265195,
	0.197218, 1.507523, 0.467634, 1.804480, 0.330885, 0.437518, 1.566683, 2.768123, 0.229807, 0.161436,
	0.161637, 0.682152, 0.943728, 1.468534, 0.538382, 0.729732, 1.684280, 1.557917, 1.581550, 0.029632,
	0.240619, 0.347309, 1.157442, 1.101080, 0.375784, 1.111423, 0.090432, 0.208373, 1.414536, 1.284895,
	0.190060, 0.097748, 1.419899, 0.220025, 1.790560, 0.353125, 0.759667, 0.654535, 0.426696, 0.466136,
	1.614526, 0.109490, 0.495902, 1.179634, 0.967954, 2.115382, 0.168354, 1.399294, 2.263993, 0.101577,
	0.127100, 1.163396, 1.467051, 0.837863, 1.421395, 0.870598, 0.322717, 0.570360, 0.921835, 1.926999,
	1.293012, 0.367170, 0.818722, 0.919545, 1.436108, 0.055986, 1.078065, 0.072814, 2.121188, 0.286105,
	3.266199, 0.068325, 1.398552, 1.458409, 0.444562, 1.265432, 1.033133, 0.548403, 0.775829, 1.506130,
	0.346210, 1.130554, 0.648305, 0.356489, 0.683984, 2.531796, 0.407867, 0.306747, 0.663291, 2.054127,
	0.603452, 0.017913, 0.576692, 1.624294, 0.073484, 0.245264, 0.192501, 0.203918, 0.405789, 0.107416,
	0.619943, 0.086573, 0.355237, 0.088390, 0.577652, 1.198550, 0.495702, 0.924227, 1.194941, 0.106855,
	0.317396, 0.192897, 1.252439, 0.743139, 0.655092, 1.765392, 0.951229, 1.635237, 0.045150, 1.133447,
	0.974244, 0.124478, 0.576599, 0.510834, 0.325989, 1.614840, 0.342644, 0.410603, 0.600042, 1.197860,
	0.427323, 0.112418, 1.398258, 1.027185, 0.140771, 1.603334, 0.475807, 1.304679, 0.065392, 0.379684,
	0.948091, 0.315440, 0.094261, 0.392747, 2.140830, 0.661162, 0.973854, 2.001495, 1.013222, 0.926563,
	0.998584, 0.062736, 1.588159, 1.194042, 1.650934, 0.524195, 1.635270, 1.463483, 1.331506, 0.966459,
	0.678667, 0.005880, 1.654131, 0.906211, 0.519101, 0.206498, 1.309595, 1.948789, 0.512508, 0.542628,
	0.118410, 0.432991, 0.534598, 1.200114, 0.407005, 1.112472, 0.580390, 0.317468, 0.729858, 0.694883,
	0.498043, 1.079992, 0.235478, 1.911941, 0.806764, 0.583631, 0.450549, 1.202602, 1.806179, 0.311945,
	0.422127, 0.686437, 0.725483, 0.115153, 0.847572, 1.388589, 0.347697, 2.791839, 0.089826, 1.202166,
	0.340421, 0.216395, 1.675725, 0.201372, 1.124685, 0.161065, 1.630259, 1.599174, 0.990672, 1.284935,
	1.208175, 1.851537, 1.892736, 0.712204, 0.485221, 1.185862, 0.603745, 1.672313, 0.027151, 1.198299,
	0.961658, 2.004813, 0.940145, 0.546744, 0.516817, 1.110127, 1.568029, 1.610037, 0.185255, 0.089737,
	0.090271, 1.441534, 1.151703, 0.969608, 1.118910, 0.023487, 0.319760, 0.341394, 0.545407, 0.377407,
	1.585622, 0.294840, 0.153609, 1.275770, 0.248219, 0.357646, 0.859447, 0.743105, 0.068880, 1.020773,
	1.854164, 0.187214, 0.029898, 1.756589, 0.450821, 0.004346, 0.505394, 0.872757, 1.036450, 1.682067,
	0.867942, 0.184714, 1.874892, 0.539885, 0.426359, 0.415142, 1.174982, 0.493521, 0.820251, 0.318718,
	1.021880, 1.199753, 1.508315, 0.932285, 0.198348, 0.018332, 1.047079, 0.327084, 1.489707, 0.128335,
	0.349780, 0.653126, 0.198085, 0.502834, 1.259869, 0.331851, 0.409617, 0.014626, 0.004720, 1.253417,
	0.781268, 0.200442, 0.869417, 0.941572, 0.529319, 1.592727, 0.552618, 0.275941, 0.420933, 0.122435,
	0.343407, 0.048011, 0.056627, 2.638380, 0.682352, 0.365595, 0.320273, 0.583977, 1.676554, 0.256130,
	2.093876, 0.056661, 0.447118, 0.787179, 0.529912, 0.390817, 0.168338, 0.051119, 1.352000, 0.641230,
	0.226524, 0.311400, 0.215792, 0.687522, 0.512974, 0.249275, 0.553329, 0.935874, 0.908393, 0.056694,
	0.114576, 0.858194, 0.443152, 1.197869, 0.290753, 1.242057, 0.872793, 1.156184, 0.498461, 0.430072,
	0.119668, 1.404156, 0.992118, 0.249171, 2.022390, 0.244085, 0.683854, 0.948830, 0.841615, 1.161018,
	0.164667, 2.050804, 0.616282, 0.874580, 0.897896, 0.400868, 0.489440, 1.956449, 0.930131, 0.058980,
	1.625867, 1.791567, 0.416266, 0.793888, 0.251117, 1.693473, 1.291293, 0.054617, 0.172119, 0.342812,
	0.319510, 1.405244, 0.273702, 1.628617, 0.891824, 1.632380, 1.449740, 0.547302, 1.307417, 0.473544,
	1.067078, 0.983393, 0.145420, 0.088209, 2.664297, 1.198104, 2.011509, 0.135698, 0.639156, 0.093642,
	0.023952, 0.469224, 0.411400, 0.924400, 0.738462, 1.863793, 0.222485, 1.022123, 1.125702, 1.016758,
	0.967068, 1.602835, 
};