#define VIRTUAL_OCCUPANCY_LENGTH 672
uint8_t data[VIRTUAL_OCCUPANCY_LENGTH] = {
	0, 0, 0, 0, 1, 0, 2, 0, 0, 0,
	1, 0, 1, 0, 0, 1, 0, 0, 0, 0,
	0, 0, 3, 1, 1, 1, 1, 2, 2, 2,
	1, 2, 0, 1, 0, 2, 0, 3, 2, 2,
	0, 1, 0, 0, 0, 1, 0, 2, 2, 1,
	0, 0, 0, 0, 2, 2, 1, 0, 1, 2,
	0, 0, 0, 1, 1, 3, 0, 0, 0, 0,
	0, 0, 0, 0, 0, 2, 0, 0, 1, 0,
	0, 2, 0, 0, 1, 0, 0, 1, 0, 1,
	1, 0, 0, 0, 2, 0, 0, 1, 0, 1,
	0, 0, 1, 1, 0, 0, 0, 0, 1, 1,
	0, 6, 8, 5, 6, 6, 4, 5, 8, 10,
	9, 10, 10, 5, 1, 1, 1, 3, 2, 2,
	1, 1, 0, 0, 2, 1, 4, 1, 2, 0,
	0, 1, 1, 3, 1, 0, 0, 2, 0, 3,
	2, 1, 1, 0, 0, 0, 1, 1, 2, 4,
	2, 0, 3, 0, 0, 3, 2, 0, 0, 0,
	0, 0, 1, 0, 0, 0, 0, 2, 0, 1,
	1, 1, 0, 1, 0, 0, 0, 0, 0, 0,
	0, 0, 1, 0, 1, 0, 0, 0, 0, 0,
	1, 0, 1, 0, 1, 0, 0, 1, 1, 0,
	0, 0, 0, 0, 2, 1, 0, 2, 0, 0,
	1, 3, 2, 1, 1, 1, 0, 2, 1, 2,
	0, 0, 0, 0, 0, 0, 0, 1, 4, 2,
	1, 2, 0, 2, 1, 1, 0, 0, 1, 0,
	0, 0, 2, 0, 1, 0, 1, 0, 1, 0,
	3, 3, 0, 0, 0, 0, 2, 2, 1, 0,
	1, 2, 0, 0, 1, 0, 0, 2, 0, 0,
	1, 0, 0, 0, 0, 0, 0, 0, 1, 0,
	0, 0, 0, 2, 2, 0, 0, 2, 2, 0,
	0, 1, 2, 0, 0, 0, 0, 0, 0, 1,
	0, 1, 1, 0, 2, 3, 0, 1, 2, 2,
	2, 1, 2, 0, 1, 1, 3, 1, 4, 1,
	1, 1, 2, 2, 3, 1, 1, 4, 0, 0,
	4, 2, 3, 2, 3, 2, 1, 1, 1, 1,
	0, 2, 0, 2, 1, 0, 0, 0, 0, 1,
	1, 1, 1, 0, 0, 1, 1, 1, 0, 0,
	0, 0, 0, 0, 0, 0, 0, 0, 0, 0,
	0, 0, 0, 0, 1, 0, 0, 0, 0, 0,
	0, 0, 0, 0, 0, 0, 0, 1, 1, 0,
	1, 0, 1, 0, 1, 1, 0, 1, 1, 2,
	2, 1, 0, 4, 2, 3, 1, 1, 0, 0,
	1, 2, 1, 2, 3, 2, 0, 0, 2, 0,
	1, 0, 1, 0, 0, 0, 0, 1, 1, 0,
	1, 1, 0, 2, 0, 1, 2, 0, 1, 0,
	0, 1, 0, 0, 0, 0, 0, 0, 0, 0,
	0, 0, 3, 0, 1, 0, 0, 0, 0, 1,
	0, 0, 0, 2, 0, 1, 0, 1, 1, 0,
	0, 2, 0, 2, 1, 0, 0, 1, 0, 0,
	1, 0, 0, 1, 2, 1, 0, 0, 0, 0,
	1, 0, 0, 0, 1, 0, 0, 0, 0, 0,
	0, 0, 1, 0, 0, 0, 0, 0, 1, 0,
	0, 1, 0, 1, 0, 1, 0, 0, 0, 0,
	1, 0, 0, 0, 1, 0, 1, 0, 2, 2,
	0, 0, 0, 1, 0, 3, 0, 0, 0, 0,
	0, 0, 0, 0, 0, 0, 1, 0, 0, 2,
	1, 0, 1, 0, 0, 0, 0, 0, 1, 0,
	0, 0, 1, 0, 1, 0, 0, 0, 0, 0,
	0, 0, 0, 1, 1, 2, 1, 1, 0, 1,
	1, 0, 0, 0, 1, 0, 0, 0, 0, 0,
	1, 0, 2, 3, 0, 0, 2, 1, 1, 1,
	0, 2, 0, 1, 1, 3, 2, 0, 0, 0,
	0, 1, 0, 0, 0, 0, 0, 0, 0, 0,
	2, 0, 0, 0, 2, 1, 1, 0, 0, 0,
	0, 0, 0, 0, 0, 1, 2, 2, 2, 1,
	1, 0, 0, 2, 2, 0, 1, 1, 0, 1,
	0, 1, 0, 0, 0, 0, 0, 0, 0, 0,
	0, 0, 
};