0
0
0
0
0
0
0
0
0
0
0
0
0
0
0
0
0
0
0
0
0
0
0
0
0
0
0
0
0
0
0
0
0
0
0
0
0
0
0
0
0
0
0
0
0
0
0
0
0
0
0
0
0
0
0
0
0
0
0
0
0
0
0
0
0
0
0
0
0
0
0
0
0
0
0
0
0
0
0
0
0
0
0
0
0
0
0
0
0
0
0
0
0
0
0
0
0
0
0
0
0
0
0
0
0
0
0
0
0
0
0
0
0
0
0
0
0
0
0
0
0
0
0
0
0
0
0
0
0
0
0
0
0
0
0
0
0
0
0
0
0
0
0
0
0
0
0
0
0
0
0
0
0
0
0
0
0
0
0
0
0
0
0
0
0
0
0
0
0
0
0
0
0
0
0
0
0
0
0
0
0
0
0
0
0
0
0
0
0
0
0
0
0
0
0
0
0
0
0
0
0
0
0
0
0
0
0
0
0
0
0
0
0
0
0
0
0
0
0
0
0
0
0
0
0
0
0
0
0
0
0
0
0
0
0
0
0
0
0
0
0
0
0
0
0
0
0
0
0
0
0
0
0
0
0
0
0
0
0
0
0
0
0
0
0
0
0
0
0
0
0
0
0
0
0
0
0
0
0
0
0
0
0
0
0
0
0
0
0
0
0
0
0
0
0
0
0
0
0
0
0
0
0
0
0
0
0
0
0
0
0
0
0
0
0
0
0
0
0
0
0
0
0
0
0
0
0
0
0
0
0
0
0
0
0
0
0
0
0
0
0
0
0
0
0
0
0
0
0
0
0
0
0
0.440087
0.758969
0.765316
0.765315
0.765315
1.19896
1.53041
1.58783
1.91284
2.29527
2.36529
3.05992
3.06620
2.88323
0.480593
0.730706
0.96929
1.29296
1.66295
2.09387
2.72252
3.39356
3.99749
4.81853
5.72797
6.49781
7.49240
8.39730
9.44157
10.4737
11.1551
11.9691
12.7533
13.5084
14.7040
16.5890
18.6440
20.8684
22.3683
23.6748
24.9676
26.1287
27.6391
29.1404
30.2141
31.0415
31.8625
33.0960
33.8473
34.7157
35.2666
36.8663
38.2845
39.0697
37.0312
35.3292
34.5286
35.8728
35.8100
35.0337
36.0422
37.4125
38.7286
39.7938
41.3170
44.6682
44.8293
42.8106
41.0654
41.3228
44.1707
47.8911
48.6102
45.6762
44.4114
45.6948
44.6480
45.2839
45.5656
50.6294
54.1183
58.6580
63.4302
63.1079
59.5003
61.8549
60.8648
61.6817
63.1938
61.3030
62.7399
66.1562
70.5087
78.1411
81.1553
83.9357
89.9814
98.2412
93.9004
85.1875
78.2855
73.1936
73.7001
77.3532
75.4691
78.6524
80.7869
81.5816
77.0229
75.9580
76.7540
79.8176
85.7273
96.0505
104.451
113.600
117.227
117.197
112.179
111.050
114.908
123.633
133.106
143.674
150.820
152.984
158.155
168.010
168.025
182.152
203.900
198.649
197.959
208.359
204.385
208.319
230.129
233.182
258.543
253.065
281.913
334.187
308.382
360.705
348.071
358.553
413.516
401.589
363.619
411.229
434.310
443.051
406.352
421.998
418.057
369.382
367.415
375.066
380.994
391.155
366.736
358.619
355.141
352.126
354.036
354.401
366.954
386.321
383.796
396.253
395.230
384.219
403.374
417.329
418.978
429.476
432.953
437.288
457.511
473.402
473.320
480.259
467.926
460.326
469.949
467.95
451.519
449.668
464.354
456.834
449.877
454.259
467.190
476.919
486.578
486.914
464.608
447.582
449.481
448.797
455.363
461.900
458.546
449.364
472.031
477.613
497.353
505.511
500.891
486.632
499.463
517.399
485.928
482.302
498.583
495.897
494.478
490.477
491.020
503.889
487.811
488.930
404.045
239.201
256.425
239.897
274.390
344.666
403.271
510.900
506.640
540.259
526.492
569.078
574.576
512.202
592.638
460.757
398.524
451.318
629.692
642.208
641.990
578.569
571.934
597.847
655.132
698.775
608.890
576.129
590.130
747.049
760.846
701.387
562.219
567.447
502.917
468.703
629.855
461.252
502.714
491.957
575.513
619.068
446.864
460.279
545.305
467.998
594.423
481.125
531.490
426.494
452.428
532.364
574.416
615.329
637.356
641.200
666.969
668.627
676.847
711.486
735.739
738.232
719.937
724.550
734.295
727.220
720.160
717.076
714.917
709.654
702.579
704.728
686.720
704.666
744.641
756.871
758.745
757.732
751.568
737.659
708.834
706.446
716.959
669.982
671.356
688.633
710.634
751.538
765.977
774.536
766.508
744.598
744.408
735.320
738.259
727.563
740.184
756.677
766.469
773.265
779.604
792.614
794.564
797.780
791.835
808.581
788.420
791.014
787.617
809.212
812.228
817.739
820.331
804.39
781.996
798.030
808.721
789.659
725.639
674.199
725.108
773.826
806.707
829.525
821.559
824.094
819.506
809.135
827.573
834.428
822.530
751.965
712.544
717.915
560.822
404.999
796.848
400.029
294.761
453.046
843.814
897.748
887.981
859.916
837.063
905.158
770.811
715.984
858.449
877.099
867.593
454.124
339.927
510.321
871.062
593.329
297.576
695.303
402.611
505.188
718.647
581.635
549.515
458.663
733.650
759.412
816.847
842.355
665.027
840.768
868.973
887.998
888.031
880.931
873.510
878.270
812.150
922.673
932.500
715.003
354.176
272.137
284.832
311.944
730.191
355.026
457.614
901.334
510.069
282.347
281.984
285.225
279.865
509.159
836.467
786.150
769.276
636.074
302.122
291.259
292.637
319.371
426.389
420.400
425.766
433.059
389.640
518.147
806.491
549.092
413.449
703.955
388.583
377.335
378.034
368.283
338.506
430.735
527.758
309.757
324.957
340.713
350.039
369.511
570.211
414.821
374.784
335.241
391.242
457.726
326.365
305.601
293.133
285.970
281.924
279.767
280.728
291.234
276.788
276.637
277.882
281.453
287.908
299.306
399.288
356.673
600.483
749.123
503.938
628.255
640.008
416.896
462.118
537.691
685.648
592.762
752.526
835.250
848.807
847.583
843.956
699.419
515.289
801.317
822.247
788.793
769.878
697.576
529.814
550.916
581.014
628.466
587.15
741.636
793.683
817.564
811.832
813.006
809.266
808.129
803.994
794.035
831.137
825.260
833.466
825.231
621.229
778.503
778.711
730.285
760.119
776.432
769.306
775.138
773.948
740.759
780.745
787.623
784.422
777.831
818.562
822.061
826.687
820.427
811.389
810.346
446.307
286.563
642.036
298.705
283.863
427.912
701.709
790.238
805.733
810.648
807.465
777.554
771.078
779.450
775.501
775.708
772.338
768.891
769.314
774.815
775.419
772.225
754.465
775.837
797.148
813.906
817.246
801.951
787.299
778.337
648.66
383.007
365.443
438.664
404.516
416.340
599.483
757.403
784.332
787.867
754.706
720.477
732.309
615.017
397.640
272.975
261.207
408.708
493.290
586.168
219.434
194.801
173.149
155.266
143.955
136.862
132.586
128.686
126.083
123.877
120.433
117.841
116.096
115.724
114.826
114.259
114.029
113.800
111.758
108.297
104.666
101.151
95.7665
90.3212
84.6509
79.6660
75.4746
72.4167
70.6058
69.4193
68.4609
67.5593
67.0566
65.8727
64.7442
63.5583
63.6836
64.2606
65.1235
65.9283
67.0209
67.6021
66.6492
65.9771
65.4177
64.9758
64.8776
65.2870
66.0375
67.6432
69.4197
70.6821
71.1464
71.2122
71.0516
71.0076
71.7055
72.8018
74.2416
75.5103
76.6062
77.7617
79.3218
80.9994
83.1315
85.3194
88.1356
91.8677
96.7453
102.31
108.279
113.734
117.932
121.040
123.457
124.966
124.881
123.997
123.398
124.743
127.062
128.118
126.712
124.104
119.773
114.236
111.735
107.396
107.992
109.681
107.807
103.060
97.7362
94.1332
95.8182
99.4578
104.190
111.912
132.166
246.981
276.404
274.135
265.098
241.813
216.391
211.932
235.75
242.374
242.268
241.425
240.361
237.236
233.027
228.835
223.418
218.334
215.717
214.592
213.185
211.896
209.283
206.144
203.537
202.075
201.067
199.155
195.586
190.973
185.939
179.624
174.858
170.840
169.012
167.013
164.494
161.513
158.996
156.943
153.326
148.262
143.897
138.843
132.932
130.119
132.222
132.279
131.617
130.475
128.963
127.550
125.309
122.242
119.991
117.558
114.812
112.800
110.022
105.101
100.351
95.7200
91.1486
86.2368
85.2265
83.9825
80.6854
77.7343
75.3541
73.0870
69.0670
60.2023
61.2915
56.3025
45.5410
40.4673
38.8464
34.8212
31.4771
28.5850
25.2899
22.9574
20.9032
19.1273
17.8666
17.1449
17.0253
16.6246
16.4007
15.9379
15.7113
15.3036
14.4766
13.9443
13.5869
13.5826
13.0962
12.3649
11.5672
11.1762
10.5971
10.5335
10.4486
10.3372
10.1942
10.0125
9.73100
9.13688
8.14690
6.80940
5.70442
4.68205
4.00406
3.01999
2.44535
1.84133
1.46569
1.04275
0.838552
0.597028
0.427983
0.318128
1.00099
1.53037
1.51771
1.41598
1.11619
0.765295
0.765296
0.765297
0.765298
0.758952
0.318875
0
0
0
0
0
0
0
0
0
0
0
0
0
0
0
0
0
0
0
0
0
0
0
0
0
0
0
0
0
0
0
0
0
0
0
0
0
0
0
0
0
0
0
0
0
0
0
0
0
0
0
0
0
0
0
0
0
0
0
0
0
0
0
0
0
0
0
0
0
0
0
0
0
0
0
0
0
0
0
0
0
0
0
0
0
0
0
0
0
0
0
0
0
0
0
0
0
0
0
0
0
0
0
0
0
0
0
0
0
0
0
0
0
0
0
0
0
0
0
0
0
0
0
0
0
0
0
0
0
0
0
0
0
0
0
0
0
0
0
0
0
0
0
0
0
0
0
0
0
0
0
0
0
0
0
0
0
0
0
0
0
0
0
0
0
0
0
0
0
0
0
0
0
0
0
0
0
0
0
0
0
0
0
0
0
0
0
0
0
0
0
0
0
0
0
0
0
0
0
0
0
0
0
0
0
0
0
0
0
0
0
0
0
0
0
0
0
0
0
0
0
0
0
0
0
0
0
0
0
0
0
0
0
0
0
0
0
0
0
0
0
0
0
0
0
0
0
0
0
0
0
0
0
0
0
0
0
0
0
0
0
0
0
0
0
0
0
0
0
0
0
0
0
0
0
0
0
0
